0 0
45 0
90 0
135 0
180 0
225 0
270 0
315 0
360 0
0 45
45 45
90 45
135 45
180 45
225 45
270 45
315 45
360 45
0 90
45 90
90 90
135 90
180 90
225 90
270 90
315 90
360 90
0 135
45 135
90 135
135 135
180 135
225 135
270 135
315 135
360 135
0 180
45 180
90 180
135 180
180 180
225 180
270 180
315 180
360 180
0 225
45 225
90 225
135 225
180 225
225 225
270 225
315 225
360 225
0 270
45 270
90 270
135 270
180 270
225 270
270 270
315 270
360 270
0 315
45 315
90 315
135 315
180 315
225 315
270 315
315 315
360 315
0 360
45 360
90 360
135 360
180 360
225 360
270 360
315 360
360 360